10000
18673
66955
31439
81583
68723
63070
26017
50189
71923
30454
58756
72643
21706
23802
75152
52472
47962
70058
86056
14487
27486
77741
61759
73608
90249
72010
92139
13734
84212
10741
20160
40712
15522
89427
60121
84245
52496
86139
72261
62245
16592
68843
72714
76126
92646
47865
28597
78434
17922
14652
30748
83235
30220
92507
56842
20468
64516
48981
34202
86555
59722
54362
65093
13070
43788
25213
35141
34111
11351
7401
34182
65771
76245
6896
41896
6716
54761
8319
85150
72684
60798
53724
55918
91018
46231
12760
11485
48573
61741
45687
72954
59289
37876
38046
10185
19490
1086
45326
91428
50264
52728
25610
16034
66799
32506
95757
11341
87267
4075
96491
97777
64874
50215
91522
55891
34272
4281
5203
20671
3848
88717
93626
963
64419
69498
11148
83910
70584
56474
13163
20848
47028
38773
74709
13826
9105
70466
25167
96373
74541
59485
31975
77241
47526
23496
70959
19624
65604
76162
40295
7278
2704
71747
8241
67124
79072
57216
88860
49655
51517
2022
8329
98545
40796
83039
50198
49901
53504
13191
84100
65871
10502
53902
43112
95855
77398
51897
15478
80829
28058
93601
88107
30762
3173
34175
35712
82245
91391
24571
69727
42907
26594
78056
79279
5216
98921
29476
92944
52424
80494
14870
56122
90997
68772
37060
86851
83996
88957
40156
64824
17014
71583
90758
85603
74756
24932
59142
57001
16322
83713
26727
97057
48133
42609
14161
91176
41530
81464
21946
31780
61957
36816
25728
90780
43414
62788
15457
65236
51744
93440
30060
6584
65022
20817
30014
39777
45749
89156
34604
99898
72868
99158
34780
58828
41767
48941
87830
21123
68231
9775
90730
30188
84418
16458
58794
27831
79246
74251
93068
30990
67690
60954
75401
32711
19597
5414
10315
3172
94570
44919
3069
5264
44077
75677
1918
23670
62444
89748
82620
30675
99524
73349
98690
21767
89807
57483
49599
6879
31734
80493
75696
37250
41446
51096
69962
61043
94338
18103
64215
88907
63022
5110
31997
7098
18613
33915
68595
81058
23663
51214
49559
61013
24563
48248
82780
52196
5730
70205
96902
75291
88524
72597
12541
67796
61520
20329
66665
55857
38432
68706
82590
1453
73817
14587
46379
30256
48502
52800
49140
9991
4014
98699
8830
66404
84773
29437
56426
90504
37468
53328
65794
25992
63751
16161
93788
25270
74317
60453
81127
12748
29158
63717
52029
40801
16130
36234
8884
64632
26860
58024
12450
30874
94550
59107
35104
79322
26370
91531
69825
63839
82685
73446
89831
46435
27433
21444
71706
1750
19723
90659
52325
86709
92202
4353
27509
8331
78414
74220
10790
5274
32244
23240
73975
64620
20173
9079
43941
46544
38436
51593
48209
58947
62865
38039
5381
90298
97310
14913
29874
17033
5572
82200
3741
35600
24379
69077
43932
2793
81124
54722
8067
13367
15788
19868
15813
73788
66774
59754
20331
5209
11346
68540
64156
74211
44405
7364
2335
79542
22277
32209
34401
65676
14408
38142
1276
38788
45045
83035
79408
26168
37756
25301
77362
91371
45169
93175
65158
11943
90756
85490
54979
2101
91856
19135
14139
74088
64326
54301
53629
24429
86510
88030
90106
38745
63998
29208
77533
46869
12242
94767
10864
87825
20067
88226
79195
65236
19227
82179
77179
9982
5494
69985
49910
97351
89120
1875
9264
91272
56176
62893
15700
42686
88749
43632
81431
90573
10666
96790
37441
60735
91556
48305
48559
49449
74358
65580
14684
31411
47759
29690
79220
53253
99675
66956
88430
26620
68832
35520
17891
25007
36239
71418
5519
24987
15050
24776
15559
25716
59392
90828
86452
88774
76959
72837
38222
51316
76244
52907
20553
61829
20423
99773
52908
57924
66729
41338
84544
73387
76858
40261
98394
50924
49505
41740
75911
64555
66516
29297
28098
25908
57951
52376
52508
34909
25212
90731
24052
39282
81464
44605
1110
1886
82205
54019
59810
48933
95357
82180
60146
10040
60267
58539
60964
9771
38105
74702
12153
4621
41825
40251
68356
99776
30453
20863
34684
93492
49420
58736
32774
30883
3341
33884
32769
85546
87903
30405
72305
21085
12584
32450
68953
72851
28815
67743
82623
66921
42444
94776
9368
84269
72853
15550
84044
3305
74240
56555
96797
23660
15290
29570
54543
56458
1281
87313
79830
89184
55544
89961
10269
68129
60237
79222
40979
89053
46964
61428
93800
27235
94030
40994
49330
66882
94371
71201
8013
68610
27755
42637
30096
80872
10033
84640
37330
11314
9778
54986
498
65322
44947
48594
71277
5183
65642
50083
32062
50432
11510
63688
77667
5540
42508
64824
10248
36878
36024
18262
43315
63779
98726
11237
82477
8758
33703
19806
20073
81308
74793
20571
46630
57566
6991
55733
575
72633
5815
70465
23064
55153
34152
38558
98520
14487
41208
8767
89192
77232
64856
70333
78837
63581
81571
61313
72340
15273
18946
30239
96582
31565
50810
81038
89131
95628
36770
27532
6086
80413
97997
29150
35565
32149
5534
34084
84463
46742
80678
73654
61800
45534
43987
40636
46941
25557
39776
57107
78657
58722
87346
75238
90287
75982
94102
17243
71609
30872
44775
77695
49111
42772
44672
84676
12747
88033
18759
97210
72602
37263
8689
34401
82797
52676
12864
67565
16059
52640
24671
32543
11361
12017
7780
39474
87999
1882
56717
97435
70581
1491
12955
19691
82090
57627
42193
94837
83487
98779
29872
56088
36041
38562
90489
18838
29064
41179
24229
82951
93819
48900
15493
43006
98744
61100
82480
86743
808
77023
22003
71389
16341
34958
28906
98431
30412
71099
31094
13898
69877
98793
69986
5918
75181
98301
62583
42072
39480
86812
62849
71125
35711
78342
14131
34455
77268
34437
59024
78077
49287
18853
49465
65628
53811
78372
1884
22049
87297
70805
35947
57174
69598
43759
63092
82605
79887
25674
24676
57193
50312
25351
28317
23849
3692
80275
58304
18787
52539
55154
96864
1825
11833
84155
67453
3471
352
7163
25520
87650
77969
99295
44823
85393
43053
45741
5823
22939
9241
68327
17958
59553
93678
46276
83402
35197
26550
79533
53984
79089
72513
50847
18740
84347
72828
24019
87818
73181
31183
13337
60830
46978
50458
43479
70197
93512
89220
76020
54277
36287
82173
72236
33666
75851
56338
54894
11047
20714
34426
2857
37630
44766
53704
56370
29112
26531
80390
54756
37538
49399
5919
98368
96377
56378
79673
4399
87716
6718
18245
41992
43005
418
52054
14497
76269
46218
69392
25142
66933
3817
27999
4562
48583
19529
60932
15521
83887
79148
70277
21425
28546
76197
57619
62749
32574
75119
67148
58116
81837
85394
37934
62669
23638
89989
77166
37733
36206
46557
701
40965
88202
28700
45527
74611
86056
44286
90133
69942
61260
98236
29193
89807
74432
24639
90382
44832
99758
57530
40774
19420
80750
78709
19915
42214
68697
97082
79947
42729
81465
80648
83695
69666
47174
67048
44277
33229
49160
72236
40997
10420
70471
8017
38053
82730
70483
28434
65388
8066
23790
6162
27486
42366
84871
47402
84580
91394
82310
64526
34122
63774
83000
55643
71267
68000
60518
15543
1228
9677
25605
80053
20097
96076
25896
95977
16631
96379
24411
82020
42271
48201
88182
69757
28394
10878
54985
12973
2271
75121
15326
74220
76722
36152
67690
47988
4152
28207
1357
43207
37884
26962
61086
95809
23037
86982
91785
77496
21186
54022
59515
63457
40050
85523
71041
68444
34227
63852
19243
36498
38973
34569
48544
15694
8548
54060
63682
12700
82267
2865
55907
57978
29827
16993
91613
90691
41801
21223
68186
62988
75246
27700
64271
53122
51049
73138
21565
85276
36990
78635
59600
13789
13204
45971
29483
59579
30
30991
72279
82298
33856
28185
78102
1509
83005
69714
92200
62633
28763
60386
25620
4008
25912
27717
57130
14788
855
16521
63
75672
95157
97491
89461
46187
43461
56770
5765
43491
87761
15870
63615
59443
81882
41716
60952
64887
49256
90978
27519
78020
51363
90966
19854
15102
56509
14811
67717
57364
31332
67780
33035
64315
3096
60322
48328
46557
17091
91920
27875
4851
7789
91490
2120
89672
71033
63072
92385
20288
54050
57730
98308
43239
86522
18162
96168
43030
32973
63884
38221
2131
69491
9082
4273
72587
69405
52601
56971
86496
82348
22672
29174
90137
14161
31294
17634
85194
32193
47845
43309
24069
5574
79443
5134
92096
35431
1302
72953
6230
3012
11173
8362
10329
20255
50462
20743
89660
40889
77714
13982
23236
385
43156
51200
52373
12276
68834
75394
44469
54506
18702
6364
97907
98145
11499
27829
33576
50628
781
39806
91467
49781
85995
1796
70036
36456
22539
97523
77346
38079
49331
38408
76291
92487
89608
28663
4762
96269
41883
87059
50774
60585
31249
48680
96557
42748
76509
30132
31202
77290
7764
22669
27070
31586
24465
34933
68042
84831
70282
83214
22909
19612
21622
37026
49925
11229
65689
92514
45324
7572
79572
96098
5983
10821
82605
2539
91396
59113
70498
60425
74230
16089
83094
39126
47675
45385
74059
53543
68042
82167
74584
90951
1778
96206
27976
51703
45261
31491
82044
90586
76890
61615
24509
20700
10262
7113
23239
39485
4053
31564
99910
78283
47653
20829
17408
33154
4040
29294
86697
72082
49287
61280
858
88893
95312
66661
40595
40573
98152
60465
68985
12868
22080
93494
33568
70169
38434
94634
47480
42487
26197
85216
58596
11676
6044
13830
44830
47911
43124
31527
19992
30238
30633
20850
19130
25945
87511
97552
4344
23489
58017
11155
74184
17923
42475
45578
88092
80909
40211
73399
61222
4235
58614
19817
15911
2485
33648
60742
50396
14598
30095
70389
44836
60728
29065
63966
24499
54403
61518
66670
15718
19534
77825
89902
37457
20300
35479
63375
1208
13516
36773
257
17751
33214
20074
33663
35699
53722
94405
86095
68321
62326
94310
50983
60880
23375
14949
85380
77778
76467
52049
93496
33827
67701
21223
9110
88001
94529
72485
27035
8044
47085
27292
25796
80299
47367
59459
53824
38915
91690
39918
45062
54015
34228
96046
52721
95430
10994
38100
73207
25287
27976
4528
96941
33503
63578
6050
21503
58106
16361
86365
66150
1272
13657
91946
81571
98851
89231
73221
75592
80920
13139
20654
72761
85194
54526
25482
18449
65520
1408
29482
28633
67211
34010
25573
713
35414
69450
60043
93520
23637
46408
59669
24910
97892
89442
44307
34568
78672
17528
47986
97419
68494
68640
70179
91514
60992
33487
9962
26511
72723
39444
92971
39933
11280
56370
78474
46694
63646
38516
40213
87284
22750
37708
12193
58468
64976
56500
93036
81475
11854
78849
78893
80348
85315
86898
9687
46307
58212
19649
10644
30934
59093
3615
8693
8199
97812
87167
54893
61458
63510
32932
48741
24086
8467
98761
82555
73443
93087
13416
92744
4941
92265
71636
23115
77580
96361
32803
23886
92399
52452
34530
23332
49372
75972
32025
57571
73784
57019
50291
73068
58355
83223
21808
82441
91690
58395
64995
2959
51481
16238
95703
56422
8502
5165
17364
86082
39352
50167
47794
31750
40445
20151
92909
89817
96123
62760
85215
7732
19778
35505
80800
78133
56554
2607
60574
86071
98829
63395
89030
50310
79633
22558
44558
25962
65550
61922
49870
4901
12088
97665
36651
90361
17815
29559
80177
51764
92320
3217
59497
49924
76549
40296
65884
33103
80731
64284
19173
17385
27678
46029
67695
45138
6413
12253
71100
71964
12001
20969
14691
61917
18633
51343
52277
74275
18728
70280
63866
48874
73498
61189
36625
50046
39311
2508
20975
57868
66792
77975
75254
32296
61830
42948
77434
68244
93028
48533
78034
5029
7329
92725
66946
25962
81894
19222
38064
38449
89502
39756
87323
825
944
61774
88699
40255
64282
9673
98124
68900
25475
73377
1196
87305
16324
78630
93375
9352
64990
71408
14381
72319
1959
81327
36107
83853
38375
11997
22301
65703
51753
47451
66529
52697
9224
55227
30779
11333
2726
28902
80233
28201
2278
81429
15506
56429
97886
46707
3607
701
18115
17988
10846
57901
37141
84780
79580
13342
96778
39708
79046
86357
87159
45574
76881
34209
38627
7659
45542
41353
36561
25775
7381
76666
45030
22887
33094
80742
7420
36702
19269
25535
92517
30115
21262
67485
14895
842
80827
49499
40550
97699
35855
65535
43272
12735
99744
19725
20394
45286
61079
94782
8887
68460
71447
91744
29173
4541
10312
36593
79070
29581
99956
9412
59697
59044
14723
12418
59886
95551
61917
435
31075
35598
65970
74348
48334
3540
31899
6554
86653
92978
1336
33366
99264
72783
25109
66263
15150
35421
40683
32046
65003
78465
41459
62526
37508
56182
12770
97395
89559
74687
35656
20634
10284
39453
32808
96445
42993
64707
2999
29645
95512
4335
63011
32601
14944
25946
36691
30095
99195
77374
99968
2023
93665
41426
64549
31172
35435
77319
66393
62820
89832
39876
83454
115
17155
54088
34387
60148
56622
37386
27619
52133
41721
28456
84734
94492
92229
21424
24586
91423
36624
24554
93446
68115
3806
95821
37114
77068
73139
3506
39888
796
81209
61168
38739
98364
15256
73126
96338
71878
10511
61783
61837
90059
90239
84397
84550
20294
43648
46963
11716
18098
9343
5162
86214
50976
982
23327
28044
11948
64660
67932
12744
45869
66926
51483
82059
20008
62435
78397
29712
72946
40179
91549
830
68245
13772
23207
88539
57420
70170
38081
75518
17339
43243
99558
68315
82053
22884
96359
31827
87545
2116
82398
71240
69043
71708
53298
26877
34142
31694
56590
44915
9700
85965
45745
77945
99737
68952
4309
57156
76948
42390
70501
94287
23460
70058
428
43339
92943
96787
75166
18313
36730
95390
89553
43599
67097
42850
70476
39066
12371
27065
21807
22071
13030
67552
37842
12766
74331
79978
7749
89105
22367
16076
21218
83654
23960
21646
26992
54729
56259
39984
73042
92989
35374
420
36587
40297
81098
7063
79363
93469
71955
38996
53366
84985
44375
29034
35578
56532
9011
81154
45636
31378
35056
4680
52859
59016
26326
79851
13745
82586
19835
86787
13400
93036
87208
49988
33332
68305
94878
50522
99600
66832
89518
52965
89644
33892
81999
63048
90424
28836
44201
73887
98041
79257
78567
50899
38272
42720
30750
89844
25305
88412
76631
76532
81447
1664
26519
14778
7795
59223
3126
45221
26055
92645
36012
15698
64363
18010
16572
54787
84673
60773
66500
82713
77856
45066
33612
53954
87786
2188
43798
50917
90600
58255
27449
9872
97746
91795
62477
43367
51018
65604
88588
14899
58248
24599
68424
60437
80436
84996
53050
65108
83595
19549
85647
99277
64616
57085
91057
90228
59273
34854
78972
87699
30935
44247
35397
66507
73868
97875
9873
24885
63478
98461
77611
59552
23059
46034
19988
41321
68856
73039
6428
52450
92588
92076
89553
95030
49160
80610
23084
46260
53290
2055
71785
84226
84129
7182
50732
57996
5056
98433
20708
68534
96893
98319
65912
57779
82180
85900
36926
51035
96765
43355
41312
27179
73257
30864
60035
60243
11473
83119
44329
64764
23000
16114
86816
7128
23296
75374
65125
66179
73806
85833
72539
8525
84151
38450
4130
66330
62176
41056
55192
96768
22237
96504
23946
95494
65194
83981
93564
76668
67100
37892
79258
27926
54006
66073
35055
15128
41446
179
81307
53079
86012
53845
61604
7988
30121
65734
12145
92298
44616
67337
26891
66854
1666
50837
62347
4686
72644
55910
81354
39743
93803
98438
67670
85635
64510
40551
763
43783
40730
82070
96862
64568
73742
96292
72556
3862
99852
22527
33986
44467
27690
60877
11320
67183
49540
11494
71870
22184
5230
91050
99754
36859
89488
5249
22494
91824
45800
61084
35606
24356
80980
70294
88924
92548
66585
99307
96411
66436
21833
68223
10903
49524
66927
60050
16706
54293
71544
88576
76477
14601
17452
14057
51460
6939
19306
11780
98763
2933
72864
72196
27289
91671
42489
16213
84218
9074
53346
18454
13336
75179
24504
24239
62529
91431
84290
79236
83550
93660
5637
60027
8260
60916
74084
97548
67855
31216
9327
4444
34149
20018
14466
61439
11688
56955
15478
95906
3855
68824
52187
17192
44002
76691
79258
44358
68121
1373
61420
51670
95034
4883
49523
41120
65800
61433
38667
71481
30476
85822
75925
64625
5839
28217
63890
55354
22999
79368
51259
26854
48191
3445
81873
30020
80136
61131
74378
86083
62504
35797
75580
95364
40680
62929
36484
44306
62189
75151
15787
92665
60972
29538
57289
4637
57756
21179
59991
80755
38373
49077
45435
24391
90349
27308
54411
8311
26265
66615
32220
26595
40238
45626
21959
18744
8555
96270
63051
8570
9246
78838
1234
8045
46202
58523
12682
3957
17528
10500
84712
93729
59577
67974
18119
49925
95282
10356
96063
59373
76971
28283
85968
55035
73909
7926
11605
20290
4195
74656
28860
51269
91320
30094
59314
37522
26444
71996
79306
81799
82496
1844
75527
79899
69818
93646
67651
2925
4001
63713
62298
18798
91996
48265
11659
3731
94019
23265
61848
36040
35747
90709
87309
27067
58629
46622
2415
22899
18618
19547
4698
38940
21391
18051
18839
29035
49524
86490
31960
91352
88029
94258
10150
17851
80350
59636
21582
74368
82901
21256
10407
18648
11964
35543
83542
8420
82165
23783
31319
38609
43330
73844
15376
2548
29722
34215
31583
79246
58531
63544
70597
46559
95628
18573
64410
75977
78210
23818
88171
98937
45075
36405
17584
94866
71948
38952
3285
91939
62735
72432
30548
6065
84102
83751
46440
51650
17965
78023
30895
14322
79393
39319
98708
75021
95719
944
88824
11754
24762
76995
10691
7663
51226
28275
2529
23173
67228
43641
15111
67789
53899
83486
11680
75828
67236
58120
27477
23027
73970
96200
75176
53362
35518
73884
66209
69063
74828
55033
80818
37416
69854
91509
45080
21079
57610
47609
44252
62664
29076
97190
68280
20802
18502
79960
96630
23564
38080
24106
46592
12049
58132
21767
3237
93650
33477
69447
539
8304
62306
81357
45721
32159
10691
28627
91065
6127
76236
73143
6618
43138
8158
74898
63940
26660
54857
98396
50225
30763
22502
34643
80639
80634
94237
83877
12110
27714
91150
50476
73845
91282
69659
57392
23440
18176
86019
52331
24303
80
25473
68748
43219
33631
43645
44985
60292
36329
43381
48343
4918
3709
20812
85558
22169
15048
7260
72106
80589
36236
22581
54434
27517
92240
11825
88784
10415
97845
41114
72546
97925
4413
79120
78970
38044
60592
23955
36162
96921
5162
22331
39665
8871
43143
63049
31040
58192
70309
40973
38780
44371
63554
93214
71888
93621
42866
98498
41862
40710
39611
52234
76461
44024
31354
55431
19895
91946
17212
56057
26692
22374
78389
66357
31245
21531
29406
111
17549
37541
41084
94157
81913
42465
87370
91627
36085
68062
90125
15773
46598
67562
68008
23059
49413
99362
16316
69308
91307
33528
63191
55825
93729
79406
22181
62800
38764
89414
62911
56313
26955
41822
50469
8867
22113
75666
38320
96025
43727
28444
11797
28152
33833
79805
51211
83246
16992
5353
90380
46125
76708
53570
1949
70436
32976
61958
33235
71740
51371
33972
65879
78326
13620
16348
25019
35733
29840
63340
69584
11393
29610
81382
39545
1269
99013
28582
84515
53832
71762
12720
99957
48469
66291
1906
18904
37093
63864
89966
46659
15234
61765
12537
31387
75385
66712
94233
48945
34378
95399
56355
45772
62836
75563
23143
64105
74576
89553
86447
66234
61314
99167
66190
9783
3283
68096
66514
40376
69786
94307
24861
22847
56071
37399
92061
69282
41937
86293
56053
76316
81692
12408
59914
44527
25797
20883
8631
38199
10435
95078
4432
71750
94245
70623
19359
97528
76545
85873
75731
46331
80179
591
7004
74076
75817
99065
43358
55581
85357
37237
69723
67048
87472
29636
49401
13269
88346
58033
51468
98782
90937
55901
8357
23007
26523
27716
58362
3067
13588
34092
87225
31594
72510
94229
43496
48327
31119
24680
41734
16476
61918
11456
21350
87216
41092
70752
484
67264
66611
51953
66045
95374
7853
74402
18381
72203
2117
76743
13096
53533
48661
38148
22953
58997
70203
4275
45150
1322
28956
86884
17798
28700
98340
76975
15915
77258
85553
16400
44522
52163
6179
10566
85364
51859
22795
3744
24061
62739
18313
74984
54098
4800
13131
14877
63797
83335
19153
8947
84657
48109
33657
40281
76809
31997
55082
92724
9254
40635
46950
53776
30624
53129
2169
15987
4987
24964
57558
66875
25529
13697
41859
79628
18497
54990
32331
20121
76151
51484
66895
98634
99593
551
76741
14227
32548
31823
44778
41803
10284
29554
33405
40908
82684
35574
94723
25497
98365
52280
92373
61721
65978
34231
79175
22301
27047
11505
42422
3198
62990
9316
1831
408
9868
16399
52463
42416
48222
97241
22045
96333
64621
93278
37240
47304
28851
69789
72802
65043
59896
65174
64590
63700
37231
43764
86001
64278
55269
66250
5302
18258
13392
7134
56494
23260
61360
8956
3503
9581
44023
63375
5913
8643
56652
80980
93775
23330
88596
66576
26199
48491
69576
90789
12190
6806
34552
36017
71084
89821
2266
76387
45906
53486
21347
40226
76746
82707
49182
18075
30114
31031
81451
73854
39674
75929
92660
33448
37085
81255
37850
63284
29745
7425
54072
79762
52058
26450
53606
23142
54098
93699
37355
37830
47184
96529
78056
23930
17061
27237
79832
85002
96095
99109
58855
35768
75038
51514
7043
12122
32769
44893
75407
340
90146
67305
80103
42203
31582
33708
3171
85680
27406
40526
23509
12417
74881
39391
36347
91942
4454
54005
14769
548
53114
73624
36316
28151
62965
81186
78100
95734
26079
91333
33900
54051
58638
51829
96254
28046
23363
99426
13725
88597
77778
75061
1013
52659
14451
75187
82427
18905
29191
35023
19453
82305
8646
93596
48282
71611
74782
26382
5170
38687
17714
39071
92738
14178
28726
88991
42224
52090
26242
93776
40686
4020
68836
41699
94506
21113
16885
14758
40018
46076
49781
97298
28381
58428
90894
76663
67865
3501
40871
10862
42188
58586
87760
72752
72764
16485
61742
52815
68575
25811
46590
9260
29831
53253
88786
62163
74366
5670
76921
52211
89574
26702
87335
17954
22956
16054
32443
28647
19555
73315
39509
99570
69727
27268
10147
80317
43754
9716
70958
50155
35527
17548
59416
65358
8627
48201
27520
20819
91699
42267
10856
81272
6795
98192
37052
29751
14245
7321
96226
71628
80636
73561
9023
88189
829
19171
6332
82410
28887
77290
32564
64414
94838
29806
67598
41291
15834
95118
62111
7532
37384
72967
88804
44180
8984
25855
11757
23230
33176
45809
32684
51639
19370
41707
77654
58026
98705
83986
40435
27591
61276
10825
29831
93940
78459
97429
35231
94293
92546
97342
1824
67757
8134
28454
49763
17119
54309
99347
78176
25311
45156
10859
14776
2352
90393
92431
60378
89098
76416
38639
54515
75518
87291
84347
69458
65749
81775
4688
60041
12147
39856
61865
79904
47990
90319
67493
2935
82454
66839
81111
45592
49821
29796
60368
52173
20189
90625
12550
47113
4867
89016
1627
80385
76307
85974
87669
42055
5575
92357
2096
17722
70039
1787
35452
55856
29933
2944
58791
50213
7609
77729
95805
57431
7524
94000
47430
65540
84624
97808
12652
27317
86823
14280
45529
63129
38080
33197
5184
43655
63381
45107
61377
33419
46894
34655
27101
14653
37599
23719
64867
83036
1447
98498
78293
46798
92497
25722
12338
14947
23529
24990
80091
10352
77097
25619
11307
53004
58817
16491
96659
22197
61598
95863
93443
46319
30517
20544
60972
5943
44263
63665
88979
83537
62163
5097
30334
92486
68646
42672
45259
30002
5489
25350
78181
20412
50969
89488
73416
47612
5979
7901
69809
5403
3763
63252
51722
34280
21622
50521
40223
65885
52012
67028
49421
14174
9951
17581
44487
78598
98081
27572
8599
41396
52922
24606
61808
41718
14093
73051
89330
57899
80952
96966
1129
84715
98044
90678
56821
19665
41198
34871
23376
93211
39725
10623
45211
49677
28204
27524
28274
26284
55097
74700
67680
45845
99306
67315
87563
51225
40365
14719
46951
59143
11684
48080
43857
9727
38757
38504
29392
79956
73375
52768
10992
13100
1217
94030
62777
29421
59381
28877
93533
14477
41403
99039
98149
78535
66353
23538
29759
44544
38257
76710
3686
49941
24789
85370
59668
63547
23874
26886
81329
97249
79654
30147
10348
18697
62003
10951
48118
21383
77655
41650
73687
19057
40689
71836
97592
44868
95374
65178
89413
33630
79714
30925
21397
4503
16295
81065
5876
40169
7950
25031
75244
25430
93005
23419
44127
55007
34370
30071
76391
12025
9548
87904
68909
50237
59739
66501
32931
92939
31678
22343
64395
11391
91096
85792
53721
7390
4682
97424
47559
12632
60281
22802
75889
53285
84048
20015
8292
18418
87914
22509
68270
97462
10412
37178
85525
70152
3678
18455
916
73183
78626
65312
22401
69721
88930
13948
77111
93613
49199
62496
44071
9479
23124
19960
62765
7172
77802
8883
63417
65715
31392
31686
63176
41804
68864
48700
49782
10369
4982
50699
21378
83608
53837
81606
91155
80593
95555
68265
74205
82580
68587
18276
92059
91711
76063
92650
36709
53864
39359
125
57406
70751
31811
58408
50382
38502
44935
163
48871
49917
88689
70249
71351
80352
89682
62505
60945
85236
68596
35149
5641
37182
91252
35526
66719
67314
28176
3428
59005
67535
3553
16410
76113
73192
74818
26494
11693
57579
26657
60564
7495
53173
68639
16672
33524
58320
79177
94469
81382
85599
67445
24849
60607
96523
60376
27326
63837
88552
68581
60668
93913
9960
77078
70025
83152
89722
34345
94845
47301
98830
93235
92623
52002
99701
9295
85526
58020
26298
17821
77229
49724
23092
2077
10330
19614
62453
75483
21277
88831
44063
81945
20570
54024
96849
90595
75002
24397
62767
69847
9524
61596
907
2146
13597
607
49268
36949
96455
13393
92597
73683
63117
15688
13586
73447
73130
13866
86757
94407
2696
30819
14178
23266
22669
11026
51688
35498
35423
14454
5344
44947
13876
6251
84921
27473
44686
34188
2248
41140
85408
94846
14822
48524
48360
66235
59798
59316
80101
46554
53723
20624
15199
67901
81717
75696
16753
33404
11193
52177
85685
54364
97124
99561
98442
19870
64860
43127
54059
67109
84267
77293
99781
99089
63644
85967
3150
23441
45283
83251
7821
36832
3874
60847
42559
85592
36542
59312
56822
85562
49315
80334
39925
84266
79894
38367
4135
82581
81494
96021
49689
65761
73314
87296
2675
36957
73262
43652
98225
56371
26903
43872
93203
68604
4718
35761
92022
79088
32900
86671
64649
82215
67004
42401
66480
84724
18594
70616
67304
87
66636
54819
3674
39949
42114
44177
14732
53203
87829
12956
9573
52558
94655
2776
58989
99374
76364
51010
16287
9263
75507
18762
91479
42510
98990
57958
65061
17583
28573
32364
55498
33036
25010
96999
72985
67124
79002
25544
58153
66831
76327
67727
57215
70982
8329
54030
8181
84693
42867
24468
31783
18373
81057
23261
60884
80047
81219
25944
97630
47619
96135
90954
80655
21144
87953
91466
26095
66954
17009
84248
71611
31163
89801
66653
2144
98130
20682
10325
20649
63549
72620
52432
81923
53676
75693
80633
71549
94738
44403
7005
80183
40537
97959
60837
61682
23737
90130
25603
90692
44965
9850
62302
76128
99652
28954
78272
35607
49637
26423
56256
13185
36869
46514
32934
90546
60033
13566
99921
54771
57969
44752
72780
98507
42711
33617
98015
66448
61573
61444
94966
6537
71294
95095
20492
8771
24048
36590
82206
11511
63014
76288
62524
99883
22802
33284
28254
82835
46851
66002
75432
4819
10753
48212
41152
91291
19655
76993
57739
81228
38436
52704
25591
47557
85625
83910
94155
9673
20500
76360
59011
21340
90475
59361
59049
13276
92646
25130
33937
39496
91132
47196
82142
1884
95408
61121
31002
15062
75940
88741
34116
52203
79271
97534
37586
64896
19270
31740
12395
39770
45927
9232
98937
36401
68594
57985
87504
99066
20941
21440
76388
12072
68636
96356
51784
1869
57476
82786
54758
71243
9352
26700
23445
26449
62061
61031
29171
81331
30597
41566
58927
76524
88626
57863
50751
95046
53674
38254
94111
12442
97522
70498
24514
3983
66853
14124
5853
62156
34736
98438
71225
44088
25138
94670
8364
87199
93527
37535
6355
24123
16928
65282
38474
5553
60971
27051
598
52471
3132
32535
64913
653
3032
27254
42463
7711
41378
86143
7693
13941
84581
78918
58029
47545
11413
4219
72570
4939
41755
78925
66890
58683
82033
43190
2062
80830
70241
2660
33300
73373
35195
36040
11852
76054
63294
54316
21591
42498
40458
29285
56439
62865
8202
52295
10409
19616
56514
82979
62382
36095
99730
29271
32604
81762
10287
34666
62591
80529
37326
33718
91728
10347
7584
3580
24227
8704
57896
45819
51202
36180
75104
45468
99046
21132
35589
47281
40748
29929
30260
3130
66025
67816
70228
98629
87405
80516
33295
49995
98871
8447
21539
90598
56622
29123
32004
80849
37827
89900
26667
26856
63907
1770
10150
62952
22903
45739
48059
1477
13494
16145
42434
79519
83962
50489
15974
71366
68831
87096
59187
5527
33369
18553
96125
89991
47676
28129
8666
23330
55855
35333
88013
19761
74931
98163
20539
35660
43901
6425
74964
95222
22570
55225
12567
6531
5713
28541
15723
12370
53463
74911
17897
86832
93464
14021
14649
78966
79977
23315
40122
73659
96475
28134
31246
9231
26296
89613
82718
8023
96038
57682
3245
18607
12906
15812
62966
56446
82180
78689
68816
35642
91426
86713
60300
22715
38560
74949
1681
56364
36090
79630
30022
32565
7764
99095
79623
34060
88707
62341
79911
84744
57849
83156
3351
8581
36794
4143
65027
18973
82832
71669
92442
12084
58381
52741
34799
34767
65517
74307
91131
1606
53937
58979
71998
61701
58074
51621
33587
46780
51788
13497
69351
9636
34479
72702
18217
9099
14671
83244
28072
35329
92739
20513
47413
51119
11081
20039
23712
76598
32172
14843
78204
86109
11648
88029
85636
69722
77476
57050
54329
29263
8373
23679
38899
80680
34207
94943
89779
48878
16012
17851
84207
8750
76191
69447
97696
87272
89486
21407
1695
21657
74077
79900
45593
85726
5754
69055
93274
83230
26104
47602
12492
72305
71281
89218
52984
43314
84160
42762
92192
37998
98440
14225
46748
12457
21498
44443
99729
48810
3676
1424
8293
77754
19150
53886
63479
24904
60768
56752
8133
24698
42181
58452
97003
51288
47669
49986
94603
69655
30575
24620
7652
29014
76672
92227
41471
98170
74496
79027
46979
78172
18277
55273
55925
75254
46985
57230
157
7752
51809
46117
70278
93990
42395
67280
45277
90064
55093
39879
97545
85668
2326
43023
52508
78998
35249
93980
77168
9744
10832
61973
25742
29109
55072
19494
4362
2057
76724
42346
47636
28532
26289
17913
22521
68684
23020
67799
96574
78113
45504
94118
63780
47830
37140
16287
64655
10215
48093
41822
57786
58925
3794
83528
25860
96694
3021
68049
98751
17572
10394
84213
46104
74510
39953
68626
43193
62973
74251
77593
41085
57581
71710
4864
43238
46676
58978
7892
94718
44898
87541
52503
3822
29161
73858
67510
25854
14705
35558
24604
32277
83780
46644
78382
58289
86597
84834
39309
49569
96911
16901
90654
54491
26438
33344
35555
10940
30148
43447
43485
75046
30987
95988
16695
60149
7671
84205
86003
22377
57589
48434
54654
41368
95078
70862
37484
19500
93522
76793
69069
90432
31520
97549
82750
57958
68719
56131
6725
98867
99579
50210
11739
68392
84024
28434
66367
91696
50465
90197
51899
45880
76457
44379
87249
9360
15241
24732
28860
46589
39351
35755
37021
70871
33303
57597
66656
39848
13727
11207
76541
51132
61417
88280
57351
45440
54540
23717
74962
42831
51740
26860
88712
28196
9066
75960
37556
62134
38518
4242
8722
77869
39997
83570
86566
11126
41166
91048
50974
92721
2254
27515
43852
63671
53621
1202
46938
8161
62747
21899
50992
14486
86587
77530
42683
95653
91316
18065
95613
29833
22308
4334
45528
62305
87905
69921
11258
66897
60968
62232
59617
63223
27573
41296
26893
81195
80325
11657
27182
43071
71384
16000
57558
57970
93531
38067
91449
84846
56132
87061
52506
16266
29221
35860
78572
17125
5780
27656
21849
66749
89888
81466
29971
55288
60588
94691
74309
40913
6348
1490
83984
77732
17490
79368
73528
48847
17434
2802
71520
11393
27689
24025
27659
56910
59885
44057
11862
3492
71713
33711
70241
99428
53003
38038
92542
13591
32728
66850
54504
39076
68340
76314
54634
23656
55682
28161
10330
10942
30963
81850
60162
58652
43701
25648
53389
41412
7531
65251
44904
79245
36788
52971
16498
89791
91009
9039
41208
23737
13715
33538
639
82055
9852
55274
43537
3360
83435
53867
52129
52225
73543
12291
10876
17243
75766
64265
96483
83297
67342
41386
367
4129
94358
16865
31747
23192
63731
10781
46929
15272
44320
47569
97327
91999
40669
78691
33185
24103
70384
23140
14154
43927
35431
62858
61170
11196
64949
95479
32320
32291
36865
32687
74247
69049
87380
43820
92241
88937
54602
76997
4209
36748
24565
39362
66573
3060
18052
99758
64990
88437
22897
79145
70190
96156
42002
69186
45178
6950
64665
77498
77068
1529
48012
51315
8404
35391
95135
644
24327
87563
77641
28536
24310
40032
67899
28709
43092
23777
66293
8082
50040
89191
25053
20229
23172
67055
89416
6176
11831
54080
21501
88900
93436
69513
40214
1839
4903
73175
2483
67057
98565
17951
95594
60701
57983
1318
89411
38902
62922
55703
84811
12962
82720
9863
33191
43718
14744
22606
49895
26575
14512
71396
15474
7947
78735
93515
9786
83638
4516
50097
50694
3080
5874
84114
63781
1683
23258
91018
40585
86181
46721
63222
99143
67267
10911
70160
10985
25655
30593
60880
52231
45105
70102
5531
90880
48836
36873
38492
70300
79216
88589
58820
82296
32289
42934
83903
33973
4018
74921
74558
90199
59468
75607
27167
26734
86518
35154
37719
12173
65747
36425
2230
48678
6526
45588
77384
93189
20287
15876
63488
99503
42291
22308
81798
74581
3068
3527
8553
7086
16274
20937
35112
75742
96544
62279
40302
20888
35259
15848
33061
38832
52273
73118
87511
96627
56532
2720
89815
76820
18596
91130
76322
60888
13437
95947
73295
16505
37300
81848
61418
53574
40611
96530
67142
74982
96636
7443
95870
31894
61118
66757
70727
13391
39874
96064
47844
96406
98784
75485
11051
17380
66614
87374
16094
17877
21146
89389
34382
58446
9062
33627
49846
87500
30156
16987
62481
26791
62257
58350
58686
23375
62933
67239
74593
2806
63302
60263
37039
62085
35747
85917
17291
2361
11116
71212
20238
32262
98427
92448
28534
7488
26074
78380
32815
56230
33193
95296
20848
95451
91473
17360
56652
54405
84599
69071
95039
85727
29333
69904
47811
65080
55820
2929
5267
66937
74141
25506
37025
72568
55780
65560
17882
81854
81766
50697
75910
14959
83820
34584
48236
75292
51944
42714
67523
74369
11784
62561
60095
41117
32464
45733
44023
88285
48662
49291
55221
60629
74797
92246
71023
68403
95632
88906
50256
77398
77429
63992
30183
61248
98577
78419
74366
50520
58959
41889
24889
70743
42276
22810
49686
74741
68543
93709
63025
55031
42999
56072
53487
55622
86144
24509
24024
19602
51241
12106
97000
28670
76099
65009
27744
74675
81254
39937
63021
40212
19652
25736
10954
61928
48547
98467
36668
54916
92175
37519
47774
73001
31417
1260
28622
55388
25769
90474
74990
77011
2579
9815
43507
78678
74824
9077
91179
56077
49014
92027
96289
68666
17762
45069
30594
4135
43535
5088
96879
73536
42608
44652
46536
74025
83739
75159
67239
9507
65632
42228
24344
6037
52043
5677
84716
64693
14755
13720
20769
1595
5746
54884
8088
61336
37779
76509
3297
81314
81597
175
92677
62031
82654
39212
73883
66392
52197
41121
13726
55655
83350
75897
61693
73219
81575
84235
37912
34156
97955
58681
73578
41528
51392
81666
40690
89171
58174
81814
8311
77598
19816
987
39628
2469
78026
51337
6688
30223
92459
20414
85878
13634
34137
85397
86853
15711
69631
24764
87694
5412
21272
61272
84767
10490
42937
25456
99661
38938
45096
45798
54362
64912
46785
93990
67382
62638
83154
11896
92861
75612
70137
16564
27072
4273
1961
13924
57812
9418
76516
45505
14830
35614
44603
99597
46104
25367
62879
45764
64305
7975
91563
18666
72887
76174
50482
78095
76638
33635
89991
7324
47073
97954
23889
74145
2227
63677
25896
97866
73095
2411
81197
25752
75852
25800
25348
21955
51167
26054
5545
53298
71856
97108
9790
44742
11108
98099
60664
87746
69561
88481
95071
54460
86435
56786
28605
88662
58289
92328
24353
31383
32565
5549
94962
8416
31349
58137
30371
20342
84191
35916
73640
56046
70851
21256
38614
19785
57182
99278
45357
26742
87759
40427
81202
74193
35039
47633
680
93328
39960
25033
62538
72525
30582
57499
80941
99759
53462
11311
20100
37652
85055
31567
31524
55905
52823
70139
75690
10004
7242
21046
74573
95001
99301
55775
7019
72166
3407
45526
3320
81195
70559
65858
53719
38968
61183
34660
38726
14645
83798
96653
90124
68852
28219
21648
62583
18869
29613
38272
66700
36855
97146
41273
69683
34272
34874
76702
6437
76108
60055
9757
57302
30613
13441
48848
7407
12451
21334
83960
27096
42958
80613
55046
11810
46658
14520
12219
3353
44133
88319
70054
18815
85464
49153
88498
57562
21853
3025
63999
97961
63080
11583
93090
31520
25024
79764
38927
37475
1097
60714
2397
44055
41326
95271
93692
25810
9790
5911
29164
53924
94230
37044
72739
17519
86197
99063
12907
45876
2087
76906
81663
65168
26315
74752
96688
51340
54515
73441
26641
93439
34154
66866
75321
13306
62136
69012
76944
71926
12749
6107
63676
44805
43151
74241
62324
67174
73303
75231
13049
75391
89964
94712
78385
16278
7290
12898
5444
99632
86339
69913
30897
58320
74605
6217
71626
36740
75229
86396
46492
87979
92503
47995
70610
73480
22235
32934
78480
95539
45991
29355
8755
73781
61894
87140
27886
69184
37
71157
6641
24202
41069
37538
82522
53500
81582
91975
28066
56811
78370
74559
82616
8699
60380
53225
20005
82615
23985
98486
78153
7803
27840
24734
19410
27560
11873
47296
34570
49737
18453
41212
73940
97349
16576
56461
88676
98159
86262
16741
92796
64632
29126
75411
73331
89506
66462
93336
72121
28274
29647
88100
36077
95315
12834
55487
22874
62534
40610
57445
12271
96890
36483
86211
32064
90886
42671
20739
89044
28933
37481
19665
31391
66607
32902
42548
56113
99365
73710
66060
65465
3357
54159
1541
98672
4819
94855
59372
67354
73291
54643
79625
70180
28952
65835
2244
19838
46332
22983
46708
13091
60464
66374
82309
64898
37102
24856
58837
74293
98567
24896
39757
39750
16881
79125
76248
59528
73980
35619
26881
47270
28089
6505
55277
57041
10166
57521
76879
94325
18330
61414
45243
78795
65614
27551
81519
2715
52408
40355
77009
88801
3077
16765
28550
57785
95891
4797
17312
7696
78243
44193
92793
6331
88525
48069
63373
36517
43416
78078
30842
61747
77318
13911
78368
42931
41462
59886
83474
31696
38067
60482
20496
78971
15073
86873
36755
48790
91670
54068
94313
69913
36087
87106
14070
62439
73001
15269
98956
16417
31174
67624
15990
8491
81535
94358
89250
60824
92070
72723
92520
30136
33204
50843
46933
86104
37715
83688
34894
67212
75582
29206
74951
49496
54138
26847
11934
27139
42117
48716
81383
73291
16340
97373
19608
35701
29556
8857
96525
21625
81580
26871
89588
52610
15540
36520
38714
91082
58034
73608
58293
71443
2813
71070
20938
94779
97918
70699
21917
40034
19414
41126
51151
73581
38498
70759
9282
5880
79617
43633
27505
99023
8330
54919
51633
23870
91439
90347
14952
87299
1780
11071
58741
42420
82142
79679
37198
17885
50377
96942
57919
69792
38067
9069
81199
14391
17654
28307
20271
35097
71941
85603
34120
18097
40521
23579
79795
69786
51752
32573
57085
53532
43644
15825
95952
63612
95505
70977
81497
83708
67918
77242
91326
5985
24137
72525
58203
41792
831
78475
76889
10598
64077
48835
66523
4598
72414
46317
12210
24165
78890
69295
15523
22533
85121
49302
23972
18451
20278
5468
39985
88196
82711
31311
32007
6847
41662
90211
86466
42493
6511
1181
90919
70588
50016
57441
13012
60257
3757
25223
84422
20473
94518
37772
80833
17464
87074
4804
73742
7351
48100
13727
33373
30810
45038
65381
75484
86700
93418
99777
67019
99929
957
95764
8342
50973
53204
21355
49056
94788
84405
33478
15260
16748
71250
96094
72040
96150
897
45781
3500
48997
59508
36873
17633
42372
40080
30944
66898
33497
30720
33917
71252
31677
29680
79595
20476
20711
38776
69533
15498
23180
40837
30759
77755
49913
64679
49794
46062
65576
95576
87389
52400
92910
24261
7859
35282
2168
38803
2179
73492
7349
73923
44744
76853
41430
62165
97330
62141
940
4688
15465
61947
45525
84051
39701
33264
48729
27322
79326
52132
22897
4540
42358
15806
28801
50217
88915
68796
89021
91095
42288
34196
2843
24858
11049
44273
87023
8378
44240
25789
50893
59706
87736
96418
81583
65263
67508
30312
92585
84660
20270
53308
89200
62628
6941
55827
12844
95856
24623
39691
24776
66911
73888
27620
91769
22763
71893
78791
31141
53960
42406
19860
13665
30141
16277
33074
95404
21611
63386
25815
6270
21482
79123
95470
84110
86064
89123
34781
81920
13745
74472
6695
80656
86186
72142
10250
8948
44035
26867
77916
97995
69273
97776
49486
99414
51879
82560
32644
11316
83773
96286
17586
5254
75408
50882
27191
61472
40005
61972
81218
91577
74270
25739
72233
98283
97882
20309
45057
79743
47177
60800
15563
16449
96402
65049
53690
48281
85435
24160
97424
69207
20445
15010
12288
95853
3718
39479
95151
81550
39277
14194
73127
51373
77761
83186
49655
75642
3494
94713
93211
50671
93339
8773
4947
89740
11648
96464
75847
97083
20623
73271
4116
78895
88281
54231
12573
29825
31536
45551
11375
70813
59745
22328
22185
37505
5513
9667
50973
9007
42206
82010
97506
35544
90783
2452
25283
2430
36742
1130
37340
57365
74401
79283
74086
507
33513
86659
30332
2875
32209
79534
73688
29781
1861
33699
5112
7374
81193
56086
54209
23398
38095
51714
58942
66705
91993
84226
6961
28734
23182
44301
23925
97583
23583
98011
35916
94923
84669
66248
97798
54705
83609
9311
84486
23296
80838
89598
68498
62030
83510
22706
23255
21605
74420
82197
26136
4238
4248
33097
32972
27430
77399
94724
62839
38808
92734
98755
71558
15228
2829
69355
69933
24264
16493
54418
47560
35157
44016
16057
97187
27525
38763
58268
86957
51009
78292
50919
55247
82540
84017
26045
47797
99242
20768
48462
75876
51328
47217
47433
66557
87873
54615
36489
12136
71108
28734
59696
6264
10576
75754
41277
38101
52343
37372
62885
41179
15663
13803
96426
98203
35646
60298
83826
34887
81066
32288
10763
70221
17331
58196
36777
43030
50637
11092
55166
21744
77653
52688
65835
88229
66268
44939
64157
18611
82311
27041
59790
97974
78671
94042
34002
14317
54339
55655
87031
73232
25769
97794
43452
43100
93817
18055
86130
44453
29147
79122
4024
6800
31809
7685
32855
98078
90451
97012
54515
10587
61879
52131
46387
40550
46172
18216
92694
38338
73871
79724
11569
99640
15344
92848
80566
46987
10902
4521
91440
77876
21469
33290
22502
53278
78803
93185
89182
7079
90196
43696
17667
52075
33653
1880
30451
79826
20096
23144
55990
93967
2867
5385
31432
56038
98233
49824
3024
46961
54345
32291
62663
75814
3407
22992
66919
82210
16176
56100
27116
6371
37623
44783
96273
9102
46663
26723
88928
66760
49867
44917
98553
90562
50302
67812
46599
86361
17635
87451
71148
9807
19741
33811
85621
23148
56803
90366
43185
10805
84293
70301
17176
59742
15083
51276
68844
99573
77999
95599
4158
27866
78342
40538
56254
28644
8349
40679
52831
25984
28129
23979
35791
47870
95617
59239
8845
52419
87431
52030
1050
71723
22330
56053
31464
75240
7328
308
12638
85328
95907
54624
51020
74248
95162
7273
40718
3510
47952
31376
67321
13908
55355
40939
61778
50971
38004
8449
41216
25434
60479
42266
97158
20635
98319
66448
33701
43474
4582
46340
28801
488
963
79821
12563
96125
24920
91108
37461
10698
22483
42608
24606
15664
21373
24211
66635
59377
32660
45677
22638
30966
25769
57622
51601
61915
24069
85303
5388
28652
69469
72016
66967
8258
89663
17356
42209
14582
8464
79670
63107
30947
60104
25540
46612
81478
87578
51073
78681
20237
96751
39145
89030
60346
34593
78458
22260
96490
1586
65475
25141
71055
37490
29934
79313
27152
47291
21521
41734
93582
39017
42668
24528
36947
68208
8966
56251
55785
60040
72759
13848
94617
11903
40705
92789
46497
19162
15049
42986
20748
80524
5953
29629
55841
73714
8941
82993
58831
68289
62554
52412
45132
5221
76941
82079
73429
23733
38330
67040
21599
11088
18714
16215
60818
59419
9004
7314
78581
61880
88127
37155
80230
31906
66784
36070
5620
13551
19063
64451
19666
81617
16863
64798
24664
31630
84704
98093
55363
23033
2958
14789
71948
21672
31004
32765
81092
77835
77907
59672
77541
66033
34654
95598
35766
1437
31667
41386
14989
88557
43663
34655
7999
60526
37280
32663
29982
21983
68582
23172
45016
9366
37961
54790
31039
6791
87555
12130
22453
65461
9628
99994
69321
44282
95591
5086
83547
65085
84299
36362
91468
27961
71017
37294
26314
46123
69957
56296
68106
76366
17294
50948
85732
55255
5737
16770
99874
31119
66727
22326
34406
14182
22319
41553
96291
55737
84466
79837
58648
68764
16198
50115
96726
25042
25235
23039
71165
95193
17161
77098
9384
34456
28045
95116
27537
71610
49713
27410
2728
54266
87563
74961
6274
9882
16514
2565
3445
979
20228
99920
69744
74254
87861
4295
99296
13096
65161
8286
46115
82322
85384
55499
54604
51256
88441
19968
22865
38153
85205
63420
30246
72768
38380
36520
20476
92721
39085
23921
93701
97141
61667
1270
71394
49527
5565
70689
62623
70726
16801
8737
90874
40012
64236
83305
91268
90504
41099
51959
66483
26303
53205
96729
36897
29411
71076
57373
22132
10160
19120
53659
45127
80787
54929
16520
30314
98321
25035
92937
6872
41837
39501
35572
19675
41563
56703
48769
32066
97802
727
98550
61932
91759
95278
98829
21169
66353
94029
81128
14340
13148
34786
97294
31762
27541
13814
62076
25861
76676
92839
32733
56339
70166
6132
76014
11729
62835
24782
43795
60637
63336
80171
60395
55094
13275
59223
14090
79628
91078
95218
31794
4226
67831
29088
73815
95372
80729
73717
59060
57404
4381
29619
13743
74548
35751
27583
86277
36413
52366
67898
34876
15701
48069
95271
8622
61344
92320
22712
78798
83398
55756
48419
25450
61413
15333
99265
94612
96062
72981
53671
91292
15188
21116
42861
89736
94695
70445
13838
31107
22810
19563
65983
76338
5458
99080
84960
4628
91399
45498
83426
12622
39081
69671
38072
493
85004
75163
95105
18891
85970
86602
48010
1158
45545
90871
28720
40239
61315
42559
9172
21951
62122
12981
98290
67580
12060
21075
72208
41285
66574
93460
53908
5654
957
29806
43974
23787
4969
39079
80506
28765
63507
28515
29923
9051
19385
58644
87117
18527
39029
96289
40478
38977
9269
38767
6556
21329
59843
16590
441
64243
47876
54349
7723
86660
84155
51697
10447
26950
28602
90953
55716
92110
19467
23465
38987
76679
19935
26104
95206
58964
60219
73511
97941
69489
50104
42323
28644
47773
96740
29085
12015
82443
21260
57565
69102
5415
9262
79549
70192
75691
70501
25907
5626
27794
49373
44614
4473
69308
8544
37505
66099
68763
11015
64039
76078
61120
44189
42549
8892
40928
71634
58735
23370
30721
16299
92473
36136
63388
72021
6327
39079
80349
70062
44705
8142
57261
27145
50442
64395
35689
87948
30493
4452
36789
32359
18356
35735
76548
60905
44628
55302
70366
41189
78673
1086
57488
8971
37222
58703
80992
81376
97782
99167
89264
80313
7309
46524
7458
57751
10919
43147
83525
79239
85426
20314
49424
3782
56049
25971
2513
38503
81274
72879
17518
97773
73965
12833
6743
49013
71536
25561
68216
69317
24728
57479
49629
32037
41830
94914
27614
90576
38061
48966
69814
61313
7106
19238
2921
63155
83036
5435
39485
2135
16140
57003
37734
90106
69836
44477
76945
79198
70039
45160
48514
32593
40466
35970
2456
82296
68710
30070
72871
6770
79036
80511
5910
86142
37575
8831
87124
58438
52093
64435
60573
68234
59264
98308
96166
66927
80611
10936
46124
88476
93924
32465
21068
34389
6261
23524
54511
74971
91422
65208
19568
70457
45718
25478
94426
21120
72136
19375
79558
62056
21636
77957
68116
80900
14090
2107
85653
94702
13043
31777
83177
6966
2068
42072
79182
8329
65596
71519
83300
57017
36726
40694
65301
20271
66172
97553
41391
76135
54754
58775
38190
76390
74558
6305
95116
88649
8412
80769
21176
59282
50372
42179
66249
52440
84251
83257
98596
87674
54776
81895
44690
29328
60416
47817
49599
64414
45369
28816
40548
122
87591
78738
14338
99976
22869
9454
26450
31281
28049
47626
28390
78421
27631
94639
68687
49709
15721
67282
37382
70497
87003
19898
37652
47418
67716
87251
11832
50911
16067
52380
88861
41484
68945
3198
41459
91814
50479
67909
60922
78528
53361
89312
56948
80993
21776
25634
68528
75324
92916
5909
83648
79919
63634
21299
65163
31349
8549
76995
20087
62443
29375
8947
3927
36146
12145
83213
65786
62625
88949
26707
78979
42309
53845
35927
61128
13447
99388
29655
88772
30130
73391
72419
47875
37025
93718
13037
6200
2266
90033
64114
64710
57234
73061
68637
31206
23033
89676
96992
85658
78624
23699
64636
58760
15370
38389
57714
28818
75604
87370
17589
5733
98587
90008
91435
73438
83725
4471
17465
23817
32330
81579
88527
27390
92467
94990
58596
15499
84666
93415
38983
1115
54940
3618
59875
70310
79835
17589
99128
55438
42785
54543
98998
79198
44550
28258
90463
66101
70556
7927
89919
2886
27332
16271
68103
19798
11261
64526
35297
33753
57940
74280
34868
12879
15725
32570
21015
95560
50159
57970
88824
30770
12512
25647
9967
94890
91732
429
98817
62287
46183
88735
65173
73516
5006
71103
93314
54094
35628
66438
87847
31394
40717
60541
82100
94269
93111
40941
27654
81096
98911
54304
11865
49250
17777
59660
81966
9508
97916
80782
71796
44099
7343
74795
17614
50176
45897
48754
42096
19351
53018
29942
88572
31562
28309
70671
25830
21420
11612
91312
40342
48349
45615
90035
97599
63393
49694
17390
72901
47609
98173
82523
91708
43342
57318
47148
31344
3214
33729
73440
60393
24573
41208
48964
56135
69517
57462
19792
28763
6900
11103
69106
55249
56718
96967
90675
57937
46660
8064
68665
32095
44063
51187
23803
87405
46331
8777
56575
87373
80333
30014
47765
4906
71222
34555
98868
78566
92017
18659
7328
98917
29762
14260
54166
24307
11226
82667
82244
95713
90731
88735
27808
34794
77749
89438
60025
24079
36041
16600
11451
16374
46614
59216
59107
55663
93772
57974
34228
23614
76634
79383
22531
44222
31470
14523
68529
80523
97190
88600
14062
25746
77334
41870
60540
55082
31307
58392
79162
5174
74992
90613
59375
59432
87656
18481
15094
19253
14282
87149
42867
90916
4358
3224
72964
73655
55574
41493
92004
52763
30092
6065
16336
45252
47935
14702
38161
17068
73094
55149
22243
85912
83588
81618
45344
71243
37926
98265
28322
52208
23240
71190
80950
27598
74414
53913
39079
29988
95406
31082
20577
63324
37148
74740
46403
85083
89443
22390
39978
62536
77539
47
86275
61126
19491
31618
70196
57417
29882
98518
47451
90949
7533
28400
18546
19774
82314
57625
49762
15545
26534
8165
16696
63682
82906
925
86591
10174
23315
26568
10536
38680
26615
96811
99806
83934
28428
7827
41350
96138
44172
26628
87086
51705
55028
43459
71479
75168
38910
59067
28540
65444
5059
83063
29125
25791
21814
53543
35965
45129
80111
46501
83809
44553
43312
21440
28486
9566
67095
7662
43530
11266
34290
68443
62971
27145
49728
72277
40139
88638
69170
68679
91909
74229
89568
58860
19
11381
12402
35984
56510
30340
20312
78145
74893
1450
37412
41205
11016
4506
48867
92374
15772
20984
60816
16569
48129
10543
26672
88268
37007
95843
94774
66742
70071
84341
63429
7917
95723
75831
81728
90059
43997
2039
6030
18889
3489
43442
97921
52333
47948
46788
44706
1546
5598
43348
55942
53727
91718
82615
79821
66551
78457
74594
33293
86354
96762
96722
94271
30310
10378
75999
20368
54376
15864
26398
11091
57181
7666
9012
9513
55614
93627
92046
94987
37051
35393
50929
90778
27110
71370
8424
93661
87653
20845
64780
11832
17606
99328
6103
85743
47533
19928
6110
39735
73619
70336
88653
30799
78002
35491
40312
71443
66944
32357
4255
3994
5576
55184
32598
32686
64380
41023
64174
52032
99695
66780
63865
55127
66108
7794
40869
51467
65549
46979
91202
39167
55141
79854
69967
70970
53172
48105
42412
20115
18289
46667
24110
23865
39678
56708
94379
4057
35557
58552
93917
35251
25331
57781
90378
29265
3401
31246
80732
68950
16052
9759
8116
71193
27440
15909
79989
80612
1841
22400
726
20130
6894
24836
43995
84399
81545
38373
26282
17101
34751
20198
52353
97910
15805
80557
27174
19206
11803
45733
25982
27855
55492
34099
36874
82932
87835
16863
63543
89676
77090
64270
47632
21810
26932
29454
44035
46303
5653
70318
63405
40405
28342
53584
76141
81975
34140
3314
1180
83770
86874
27163
49451
80193
99089
86326
950
24749
41015
64494
52252
55931
66590
37710
77742
31348
67164
59603
77652
72818
67747
78883
51049
96090
32466
27189
78064
4432
68330
17070
26029
55204
82060
75480
73223
18974
99632
74173
81551
40646
76493
33802
34404
80909
9338
49972
12257
76503
9574
89909
49320
77322
68791
38195
11237
39083
65384
27127
81342
33713
82024
7370
26743
64084
20677
99966
20884
20308
11965
2434
98782
88458
74063
71012
69367
83402
20983
19450
97731
30557
47185
84877
45705
15975
23071
56942
92885
88455
84069
12052
59994
66093
57250
24564
68003
77927
24529
88887
36061
74321
29148
72669
62779
41037
43680
69972
24438
64663
89422
59995
33047
36606
44871
78752
90408
67942
35694
21118
94223
57589
33170
54217
23681
90420
78781
29510
6172
41136
56224
42234
15457
85372
52729
16062
26408
96410
86034
88674
61072
13281
48668
94119
87714
31366
10697
78121
99308
46391
37065
93531
41806
8061
85574
3314
36308
2180
32824
42480
43316
89048
22540
96600
12245
75270
12661
38654
71679
36521
65154
70577
49802
51648
2522
37515
83014
13219
53462
20148
97437
90527
51505
39242
36415
74905
42556
72723
77085
75381
15202
58227
2254
75570
54827
14500
50839
67488
90981
60344
4009
56134
68747
91638
45608
71269
29153
66449
22314
20441
24423
19750
48795
75928
96820
85210
88659
39375
57932
65743
52582
10960
23969
92664
86530
16622
7163
75195
84111
98144
35538
25946
92104
4285
55410
75538
13380
22389
79813
35695
42831
4235
55445
29452
17989
52264
14661
6647
29466
72593
10216
19874
21379
34186
12537
7909
50808
57527
83104
72745
55670
56469
36517
85600
60754
29754
98965
74134
52143
78777
9828
32800
83013
3100
62252
38828
93191
76913
45476
60483
87332
55692
80358
8711
27704
30721
54447
16339
88249
75377
26910
81745
31845
1254
67345
92599
31008
66309
4559
83151
82912
52214
15951
65924
93141
16029
4752
86332
30769
88055
46814
18100
81573
64998
64638
9277
95720
56911
63443
83968
32288
90353
65712
64133
91607
70883
94559
22614
37191
99118
43592
20103
89158
97370
23853
82299
13398
66432
68630
44167
54486
53270
94
73886
18268
2558
83163
13987
59470
46605
97955
91758
36957
1492
93717
66391
72376
88275
26831
47393
25218
70423
5322
14376
5618
29176
34501
56844
33434
40957
38837
25747
94227
38931
99633
50321
79317
82795
64308
38786
67226
88
68370
42009
39408
62086
46226
11783
50361
73058
59176
13405
81307
64499
27781
86926
31501
108
81596
2761
41065
20432
28508
73119
97191
65967
23439
76507
86588
25574
53119
53813
63489
21488
33649
2896
83574
79875
14679
71761
52932
11682
85167
34239
14007
50774
58991
83335
50883
40586
86096
29774
61018
52431
2892
96035
56224
64159
72541
42812
89733
25659
34451
91048
84974
68100
93945
68548
47975
46450
78135
38733
58132
63301
10798
9965
51902
7615
31126
40611
48201
55049
70385
47046
7479
11104
43080
63703
75263
53448
44341
2821
16933
78793
93869
1907
46892
25639
8281
32693
72090
24242
9253
68048
25370
20051
15840
77272
27667
46966
17882
13694
2014
26093
98567
47320
75024
41647
11023
88113
32921
93191
90934
49854
71983
22629
89588
18875
86095
35695
89395
58184
59938
98648
64059
85308
18699
17725
405
84193
64691
56114
35713
66706
20033
34280
51852
95058
13753
701
83170
46674
93893
11930
34354
65875
72386
61769
84750
58480
97464
74145
54491
95228
10618
56376
18361
67144
74101
18766
51336
38791
12706
87050
43323
32740
59156
95176
27797
72909
95877
48793
19582
89769
60723
91763
55644
70935
53531
78220
29415
88822
90191
21732
84049
809
78108
2410
67953
52208
59003
57116
28825
71710
81992
72149
4449
41147
5150
70073
14055
1026
56692
71464
28622
55242
63226
22092
26176
16757
311
55591
43405
28329
77323
27453
29138
93257
67690
34917
45464
26693
29859
74290
36229
11850
84265
78505
90824
89415
86404
4878
28267
43095
76342
56889
98337
77395
16807
24513
94152
17119
17930
37556
83275
33080
2835
12412
26336
70526
85156
71801
35045
15015
83917
9100
64692
68181
87605
55516
95422
11834
60394
23688
54929
74563
18404
53266
51957
73038
15605
83935
27983
33535
59317
11257
66615
62152
61496
30778
70504
46652
40405
43375
99494
24321
90302
64185
30328
15732
19700
25749
27566
17921
87264
20322
92484
43494
73588
82267
16532
27019
66201
44515
98381
63344
93600
2822
63322
55095
33600
71653
39573
74005
15027
39066
36152
43156
3251
66480
58888
60778
30055
86455
78699
17318
6776
9008
98640
18190
29101
52998
83036
95302
35339
81416
96472
28938
84238
59794
84034
17837
31446
23606
29668
84300
62673
65820
27455
3750
32299
86344
2354
180
10624
18880
55326
55227
27888
53965
73417
56990
6962
94279
90118
42301
75694
86590
9066
59932
84210
93100
15595
15655
54532
45264
99955
55031
48910
27410
58781
19036
51580
98963
19216
30
17842
74542
55257
83557
66333
66500
78373
11121
60778
6317
91250
36471
30733
315
34229
14942
93415
49825
30597
85773
32915
68378
40804
19651
33614
37411
38687
23020
36373
57904
23050
54215
70272
78307
75599
36605
44806
53971
47726
43410
60288
38975
79882
28847
77117
51937
43789
70531
39588
12212
56304
10329
80591
34934
29981
52031
72345
6494
75052
8718
64398
98102
759
72497
14235
76358
46928
96868
68156
94654
40278
66270
71456
57986
95118
48572
9922
76733
56930
49511
88946
51060
97667
7362
85994
27647
59393
58338
34142
72271
4882
36366
8199
5642
46689
22434
19826
93617
19301
87982
26097
97406
92079
97553
55391
87196
83951
3140
63928
40880
90478
90700
29766
88144
98062
15759
15791
95282
11924
87760
67552
16806
61952
75751
60275
8641
36011
80102
2257
93140
5909
28354
90545
97988
63733
83763
23009
47684
86903
24764
26390
77380
15463
93984
3349
51352
47569
56967
46633
59493
44726
52011
14126
6678
65589
12227
53146
39426
92329
55403
32565
36065
21584
60937
34052
23143
44699
94889
70827
31601
19652
35044
46807
72942
66854
50156
24293
14422
44950
8752
11742
89676
60764
63695
34180
26352
75922
25152
65778
68251
18382
36170
4315
39966
97107
76194
63109
41805
71082
71763
11232
28560
44633
95866
1502
11486
83848
63622
25908
28797
72375
75477
56300
70965
39171
28306
35143
15093
53459
38747
83344
71841
74917
25485
49633
72023
39505
50568
51654
48414
22330
712
14800
66963
34404
16302
16275
18252
17751
42184
84876
90126
17660
79002
61090
56832
7308
96233
9751
98594
34979
93095
8260
47723
56406
57893
57572
33737
8460
9226
82151
68618
47765
96952
35580
82170
51080
89683
38248
68831
31866
23123
96783
87353
2125
95699
82011
47260
91931
91762
45853
64737
22682
91940
12459
16914
49832
7857
50652
96119
17083
70629
64736
2675
5406
38143
84845
56487
27825
60919
63144
97518
84042
59927
22696
23993
93452
4707
9079
85383
34295
92759
87946
94805
84698
38231
11718
72356
46088
196
68475
998
70826
71037
3673
76232
9179
26344
70545
37004
87263
33689
72348
9130
31442
95045
70951
24893
99752
80030
48102
71873
72789
73874
66677
57486
49931
16222
67669
96020
54245
36143
34844
25070
7179
76344
39129
54186
40514
47500
29016
27776
81189
1364
74733
50457
96409
45683
75351
33986
25713
61279
43685
36328
35153
10362
93814
85084
64411
61482
18929
18655
35451
53773
81553
80458
67943
20681
34643
8456
68181
63659
74059
87197
2849
48792
37653
99258
94475
50830
71070
58014
49936
14755
94342
22915
62944
25982
7998
65181
25290
64755
83836
60742
56354
65388
79026
24297
23895
13668
70580
29903
15153
44639
54926
18003
93431
30405
55087
25731
19062
63984
83746
68998
16565
78087
91913
79509
41895
37737
82516
67186
40318
66351
65754
96673
69566
44779
58796
31287
96274
29375
99017
11426
74014
53942
67256
5270
84348
60170
31002
3409
61980
52574
10233
78545
68487
39972
95880
10382
77709
78395
77568
18027
82572
43321
52526
52137
25926
49148
21251
22199
78523
20267
71452
90364
12036
38708
33460
96384
36704
64462
37619
98684
54862
85679
77228
23349
25650
73107
33731
41185
89328
49125
97039
71899
30272
49564
61863
56198
36538
83114
78397
15061
41207
49848
43251
53243
26382
76711
87453
63086
79000
62898
61769
33861
48576
38996
57210
12052
49929
28767
53238
39256
77892
50276
11155
8163
37667
73018
2187
74205
93958
80584
27092
35164
68259
70343
88408
94641
84881
75860
57727
63880
76585
57322
35567
25160
96319
30604
37213
84074
97198
28277
61157
75090
78553
72312
21079
54046
83156
23267
66078
14939
41677
30996
50103
9935
39166
76337
42403
24046
90024
129
25752
66608
57451
61319
29594
91596
29749
66807
13496
26947
95084
74653
39863
11463
84791
60942
3335
67946
22035
69413
20711
1539
409
70814
11474
39575
84978
53877
1447
75001
91833
27199
79435
87111
26344
9028
16532
93921
75836
30028
20867
8745
4680
60730
58035
27297
59498
61371
33069
19360
68610
53780
20899
6845
62421
70200
84247
47398
61904
85694
60225
53736
50719
39659
78673
14890
48687
95206
8810
62349
63060
29677
8921
67741
90407
66956
32864
87731
66153
65934
7090
34763
19713
27989
41608
82134
98190
63682
67358
60093
49375
27582
51655
94
5067
30328
14984
91582
63360
61621
53930
26419
91298
677
31986
19530
5460
64851
7260
71613
30784
14351
44202
50497
80167
23637
70458
16182
87319
37815
76275
36693
65398
65757
74614
70465
33911
27424
62046
97271
89045
53803
23689
18168
92307
55676
37698
97767
58353
82786
7206
89137
34963
51408
77460
15129
75045
85744
69139
62363
23559
45413
36883
26783
48996
49323
35074
82907
14574
34947
80177
3618
26576
41693
59614
18882
35195
97312
54476
93548
80097
61682
82684
52886
13089
97970
68016
25961
83714
37154
88324
45099
20393
63033
71882
7216
12356
44782
90123
26930
79729
8126
68375
44131
49819
27988
840
22840
25300
55316
16387
43223
16997
36897
96110
67913
72693
1951
93874
56406
76932
82198
39331
35151
83057
11212
42367
95413
93822
70317
60169
11376
78443
28544
55508
66088
56532
56348
88928
19658
49490
43141
708
66487
80038
34644
34399
52730
74422
28273
46963
51353
48297
86294
86504
31353
35333
28871
64593
66981
99188
24761
78357
15456
91132
71691
19370
85491
28038
8297
42975
15354
89265
43683
81841
69302
16153
54067
59858
90575
20166
44647
79754
6289
68768
66258
75469
4100
32955
40061
